F8 01 01 08 62 10 60 21 14 81 29 9C 42 47 FA 01 0E 01 5E E1 D6 06 BD E7 97 00 03 01 37 00 81 03 04 02 42 00 00 04 04 00 52 3C AF 05 06 03 92 17 43 22 07 06 08 00 00 00 00 00 00 00 00 07 11 31 05 8E 41 0C 0E 30 31 0D 48 31 2F 8E 41 31 04 6A 08 04 02 C8 F2 54 54 45 F8 
F8 01 01 08 62 10 60 21 14 81 29 9C 42 48 01 01 0E 01 5E E1 F6 06 BD E7 51 00 01 00 00 00 8B 03 04 02 42 00 00 04 04 00 52 3C AF 05 06 03 92 17 36 22 07 06 08 00 00 00 00 00 00 00 00 07 11 31 05 8E 41 0C 0E 20 31 0D 48 31 2F 8E 41 31 04 74 08 04 02 C8 F5 EC 8B 09 F8 
F8 01 01 08 62 10 60 21 14 81 29 9C 42 48 06 01 0E 01 5E E1 F2 06 BD E7 4E 00 01 00 00 00 6A 03 04 02 42 00 00 04 04 00 52 3C AF 05 06 03 93 17 32 22 07 06 08 00 00 00 00 00 00 00 00 07 11 31 05 8E 41 0C 0E 30 31 0D 48 31 2F 8E 41 31 04 7E 08 04 02 C8 F9 84 41 5E F8 
F8 01 01 08 62 10 60 21 14 81 29 9C 42 48 0B 01 0E 01 5E E1 F4 06 BD E7 55 00 00 00 00 00 DC 03 04 02 42 00 00 04 04 00 52 3C AF 05 06 03 93 17 2D 22 07 06 08 00 00 00 00 00 00 00 00 07 11 31 05 8E 41 0C 0E 30 31 0D 48 31 2F 8E 41 31 04 88 08 04 02 C8 FD 1C D7 54 F8 
F8 01 01 08 62 10 60 21 14 81 29 9C 42 48 10 01 0E 01 5E E2 03 06 BD E7 51 00 00 00 00 00 DB 03 04 02 42 00 00 04 04 00 52 3C AF 05 06 03 92 17 2D 22 07 06 08 00 00 00 00 00 00 00 00 07 11 31 05 8E 41 0C 0E 20 31 0D 48 31 2F 8E 41 31 04 92 08 04 02 C9 00 B4 8C 62 F8 
F8 01 01 08 62 10 60 21 14 81 29 9C 42 48 15 01 0E 01 5E E2 00 06 BD E7 64 00 00 00 00 00 CF 03 04 02 42 00 00 04 04 00 52 3C AF 05 06 03 92 17 32 22 07 06 08 00 00 00 00 00 00 00 00 07 11 31 05 8E 41 0C 0E 30 31 0D 48 31 2F 8E 41 31 04 9C 08 04 02 C9 04 4C 94 D7 F8 
F8 01 01 08 62 10 60 21 14 81 29 9C 42 48 1A 01 0E 01 5E E1 E3 06 BD E7 7A 00 00 00 00 00 81 03 04 02 42 00 00 04 04 00 52 3C AF 05 06 03 93 17 2D 22 07 06 08 00 00 00 00 00 00 00 00 07 11 31 05 8E 41 0C 0E 30 31 0D 48 31 2F 8E 41 31 04 A6 08 04 02 C9 07 E4 2A 11 F8 
F8 01 01 08 62 10 60 21 14 81 29 9C 42 48 1F 01 0E 01 5E E1 C8 06 BD E7 81 00 00 00 00 00 97 03 04 02 42 00 00 04 04 00 52 3C AF 05 06 03 91 17 2D 22 07 06 08 00 00 00 00 00 00 00 00 07 11 31 05 8E 41 0C 0E 30 31 0D 48 31 2F 8E 41 31 04 B0 08 04 02 C9 0B 7C ED 41 F8 
F8 01 01 08 62 10 60 21 14 81 29 9C 42 48 24 01 0E 01 5E E1 B7 06 BD E7 83 00 00 00 00 00 97 03 04 02 42 00 00 04 04 00 52 3C AF 05 06 03 92 17 2D 22 07 06 08 00 00 00 00 00 00 00 00 07 11 31 05 8E 41 0C 0E 30 31 0D 48 31 2F 8E 41 31 04 BA 08 04 02 C9 0F 14 AD 1E F8 
F8 01 01 08 62 10 60 21 14 81 29 9C 42 48 29 01 0E 01 5E E1 B5 06 BD E7 71 00 00 00 00 00 81 03 04 02 42 00 00 04 04 00 52 3C AF 05 06 03 95 17 2D 22 07 06 08 00 00 00 00 00 00 00 00 07 11 31 05 8E 41 0C 0E 20 31 0D 48 31 2F 8E 41 31 04 C4 08 04 02 C9 12 AC BF 1D F8 
F8 01 01 08 62 10 60 21 14 81 29 9C 42 48 2E 01 0E 01 5E E1 B9 06 BD E7 71 00 02 00 00 01 8A 03 04 02 42 00 00 04 04 00 52 3C AF 05 06 03 93 17 32 22 07 06 08 00 00 00 00 00 00 00 00 07 11 31 05 8E 41 0C 0E 30 31 0D 48 31 2F 8E 41 31 04 CE 08 04 02 C9 16 44 58 E6 F8 
F8 01 01 08 62 10 60 21 14 81 29 9C 42 48 33 01 0E 01 5E E1 86 06 BD E7 7B 00 03 00 00 00 97 03 04 02 42 00 00 04 04 00 52 3C AF 05 06 03 93 17 2D 22 07 06 08 00 00 00 00 00 00 00 00 07 11 31 05 8E 41 0C 0E 30 31 0D 48 31 2F 8E 41 31 04 D8 08 04 02 C9 19 DC 3A 08 F8 
F8 01 01 08 62 10 60 21 14 81 29 9C 42 48 38 01 0E 01 5E E1 5C 06 BD E7 AB 00 03 00 00 00 CF 03 04 02 42 00 00 04 04 00 52 3C AF 05 06 03 95 17 2D 22 07 06 08 00 00 00 00 00 00 00 00 07 11 31 05 8E 41 0C 0E 30 31 0D 48 31 2F 8E 41 31 04 E2 08 04 02 C9 1D 74 C7 C9 F8 
F8 01 01 08 62 10 60 21 14 81 29 9C 42 48 3D 01 0E 01 5E E1 45 06 BD E7 B5 00 00 00 00 00 CF 03 04 02 42 00 00 04 04 00 52 3C AF 05 06 03 92 17 32 22 07 06 08 00 00 00 00 00 00 00 00 07 11 31 05 8E 41 0C 0E 30 31 0D 48 31 2F 8E 41 31 04 EC 08 04 02 C9 21 0C 5F B6 F8 
F8 01 01 08 62 10 60 21 14 81 29 9C 42 48 42 01 0E 01 5E E1 4C 06 BD E7 BD 00 00 00 00 00 CF 03 04 02 42 00 00 04 04 00 52 3C AF 05 06 03 93 17 32 22 07 06 08 00 00 00 00 00 00 00 00 07 11 31 05 8E 41 0C 0E 30 31 0D 48 31 2F 8E 41 31 04 F6 08 04 02 C9 24 A4 88 F9 F8 
F8 01 01 08 62 10 60 21 14 81 29 9C 42 48 47 01 0E 01 5E E1 4A 06 BD E7 B1 00 00 00 00 00 97 03 04 02 42 00 00 04 04 00 52 3C AF 05 06 03 95 17 36 22 07 06 08 00 00 00 00 00 00 00 00 07 11 31 05 8E 41 0C 0E 30 31 0D 48 31 2F 8E 41 31 05 00 08 04 02 C9 28 3C F0 90 F8 
F8 01 01 08 62 10 60 21 14 81 29 9C 42 48 4C 01 0E 01 5E E1 48 06 BD E7 D2 00 01 00 00 00 97 03 04 02 42 00 00 04 04 00 52 3C AF 05 06 03 91 17 32 22 07 06 08 00 00 00 00 00 00 00 00 07 11 31 05 8E 41 0C 0E 30 31 0D 48 31 2F 8E 41 31 05 0A 08 04 02 C9 2B D4 41 73 F8 
F8 01 01 08 62 10 60 21 14 81 29 9C 42 48 51 01 0E 01 5E E1 63 06 BD E8 19 00 02 00 00 00 81 03 04 02 42 00 00 04 04 00 52 3C AF 05 06 03 95 17 32 22 07 06 08 00 00 00 00 00 00 00 00 07 11 31 05 8E 41 0C 0E 30 31 0D 48 31 2F 8E 41 31 05 1E 08 04 02 C9 2F 6C 7E 5E F8 
F8 01 01 08 62 10 60 21 14 81 29 9C 42 48 56 01 0E 01 5E E1 73 06 BD E8 42 00 01 00 00 00 B7 03 04 02 42 00 00 04 04 00 52 3C AF 05 06 03 95 17 32 22 07 06 08 00 00 00 00 00 00 00 00 07 11 31 05 8E 41 0C 0E 30 31 0D 48 31 2F 8E 41 31 05 28 08 04 02 C9 33 04 4E D2 F8 
F8 01 01 08 62 10 60 21 14 81 29 9C 42 48 5B 01 0E 01 5E E1 73 06 BD E8 5E 00 01 00 00 00 EC 03 04 02 42 00 00 04 04 00 52 3C AF 05 06 03 93 17 32 22 07 06 08 00 00 00 00 00 00 00 00 07 11 31 05 8E 41 0C 0E 30 31 0D 48 31 2F 8E 41 31 05 32 08 04 02 C9 36 9C 93 5B F8 
F8 01 01 08 62 10 60 21 14 81 29 9C 42 48 60 01 0E 01 5E E1 64 06 BD E8 59 00 02 00 00 00 81 03 04 02 42 00 00 04 04 00 52 3C AF 05 06 03 94 17 32 22 07 06 08 00 00 00 00 00 00 00 00 07 11 31 05 8E 41 0C 0E 30 31 0D 48 31 2F 8E 41 31 05 3C 08 04 02 C9 3A 34 70 D1 F8 
F8 01 01 08 62 10 60 21 14 81 29 9C 42 48 65 01 0E 01 5E E1 70 06 BD E8 18 00 00 00 00 00 81 03 04 02 42 00 00 04 04 00 52 3C AF 05 06 03 92 17 32 22 07 06 08 00 00 00 00 00 00 00 00 07 11 31 05 8E 41 0C 0E 30 31 0D 48 31 2F 8E 41 31 05 46 08 04 02 C9 3D CC AD D1 F8 
F8 01 01 08 62 10 60 21 14 81 29 9C 42 48 6A 01 0E 01 5E E1 7C 06 BD E8 1E 00 03 00 00 00 81 03 04 02 42 00 00 04 04 00 52 3C AF 05 06 03 94 17 32 22 07 06 08 00 00 00 00 00 00 00 00 07 11 31 05 8E 41 0C 0E 30 31 0D 48 31 2F 8E 41 31 05 50 08 04 02 C9 41 64 5F 9C F8 
F8 01 01 08 62 10 60 21 14 81 29 9C 42 48 6F 01 0E 01 5E E1 7B 06 BD E8 0E 00 00 00 00 00 CF 03 04 02 42 00 00 04 04 00 52 3C AF 05 06 03 96 17 36 22 07 06 08 00 00 00 00 00 00 00 00 07 11 31 05 8E 41 0C 0E 30 31 0D 48 31 2F 8E 41 31 05 5A 08 04 02 C9 44 FC A8 63 F8 
F8 01 01 08 62 10 60 21 14 81 29 9C 42 48 74 01 0E 01 5E E1 95 06 BD E7 FE 00 00 00 00 00 CF 03 04 02 42 00 00 04 04 00 52 3C AF 05 06 03 92 17 36 22 07 06 08 00 00 00 00 00 00 00 00 07 11 31 05 8E 41 0C 0E 20 31 0D 48 31 2F 8E 41 31 05 64 08 04 02 C9 48 94 C9 4F F8 
F8 01 01 08 62 10 60 21 14 81 29 9C 42 48 79 01 0E 01 5E E1 BD 06 BD E7 CF 00 00 00 00 00 DB 03 04 02 42 00 00 04 04 00 52 3C AF 05 06 03 95 17 32 22 07 06 08 00 00 00 00 00 00 00 00 07 11 31 05 8E 41 0C 0E 30 31 0D 48 31 2F 8E 41 31 05 6E 08 04 02 C9 4C 2C 58 A9 F8 
F8 01 01 08 62 10 60 21 14 81 29 9C 42 48 7E 01 0E 01 5E E1 DB 06 BD E7 AB 00 00 00 00 00 DB 03 04 02 42 00 00 04 04 00 52 3C AF 05 06 03 93 17 36 22 08 06 08 00 00 00 00 00 00 00 00 07 11 31 05 8E 41 0C 0E 30 31 0D 48 31 2F 8E 41 31 05 78 08 04 02 C9 4F C4 A6 80 F8 
F8 01 01 08 62 10 60 21 14 81 29 9C 42 48 83 01 0E 01 5E E1 ED 06 BD E7 B5 00 02 00 00 00 DB 03 04 02 42 00 00 04 04 00 52 3C AF 05 06 03 94 17 32 22 08 06 08 00 00 00 00 00 00 00 00 07 11 31 05 8E 41 0C 0E 30 31 0D 48 31 2F 8E 41 31 05 82 08 04 02 C9 53 5C 9F 9B F8 
F8 01 01 08 62 10 60 21 14 81 29 9C 42 48 88 01 0E 01 5E E2 00 06 BD E7 AB 00 01 00 00 00 DB 03 04 02 42 00 00 04 04 00 52 3C AF 05 06 03 93 17 36 22 09 06 08 00 00 00 00 00 00 00 00 07 11 31 05 8E 41 0C 0E 30 31 0D 48 31 2F 8E 41 31 05 8C 08 04 02 C9 56 F4 CD B7 F8 
F8 01 01 08 62 10 60 21 14 81 29 9C 42 48 8D 01 0E 01 5E E2 00 06 BD E7 9B 00 01 00 00 00 D0 03 04 02 42 00 00 04 04 00 52 3C AF 05 06 03 95 17 36 22 07 06 08 00 00 00 00 00 00 00 00 07 11 31 05 8E 41 0C 0E 30 31 0D 48 31 2F 8E 41 31 05 96 08 04 02 C9 5A 8C 5A BE F8 
F8 01 01 08 62 10 60 21 14 81 29 9C 42 48 92 01 0E 01 5E E1 FB 06 BD E7 A8 00 02 00 00 00 D0 03 04 02 42 00 00 04 04 00 52 3C AF 05 06 03 97 17 32 22 07 06 08 00 00 00 00 00 00 00 00 07 11 31 05 8E 41 0C 0E 30 31 0D 48 31 2F 8E 41 31 05 A0 08 04 02 C9 5E 24 EC A1 F8 
F8 01 01 08 62 10 60 21 14 81 29 9C 42 48 97 01 0E 01 5E E1 FF 06 BD E7 A3 00 00 00 00 00 D0 03 04 02 42 00 00 04 04 00 52 3C AF 05 06 03 93 17 3A 22 07 06 08 00 00 00 00 00 00 00 00 07 11 31 05 8E 41 0C 0E 30 31 0D 48 31 2F 8E 41 31 05 AA 08 04 02 C9 61 BC 58 BC F8 
F8 01 01 08 62 10 60 21 14 81 29 9C 42 48 9C 01 0E 01 5E E2 11 06 BD E7 92 00 00 00 00 00 D0 03 04 02 42 00 00 04 04 00 52 3C AF 05 06 03 94 17 36 22 07 06 08 00 00 00 00 00 00 00 00 07 11 31 05 8E 41 0C 0E 30 31 0D 48 31 2F 8E 41 31 05 B4 08 04 02 C9 65 54 24 E8 F8 
F8 01 01 08 62 10 60 21 14 81 29 9C 42 48 A1 01 0E 01 5E E2 0F 06 BD E7 9E 00 01 00 00 00 D0 03 04 02 42 00 00 04 04 00 52 3C AF 05 06 03 93 17 3A 22 07 06 08 00 00 00 00 00 00 00 00 07 11 31 05 8E 41 0C 0E 30 31 0D 48 31 2F 8E 41 31 05 BE 08 04 02 C9 68 EC B0 70 F8 
F8 01 01 08 62 10 60 21 14 81 29 9C 42 48 A6 01 0E 01 5E E2 13 06 BD E7 8E 00 00 00 00 00 D0 03 04 02 42 00 00 04 04 00 52 3C AF 05 06 03 93 17 36 22 07 06 08 00 00 00 00 00 00 00 00 07 11 31 05 8E 41 0C 0E 40 31 0D 48 31 2F 8E 41 31 05 C8 08 04 02 C9 6C 84 6C 12 F8 
F8 01 01 08 62 10 60 21 14 81 29 9C 42 48 AB 01 0E 01 5E E2 18 06 BD E7 92 00 00 00 00 00 D0 03 04 02 42 00 00 04 04 00 52 3C AF 05 06 03 93 17 3A 22 07 06 08 00 00 00 00 00 00 00 00 07 11 31 05 8E 41 0C 0E 30 31 0D 48 31 2F 8E 41 31 05 D2 08 04 02 C9 70 1C A1 F0 F8 
F8 01 01 08 62 10 60 21 14 81 29 9C 42 48 B0 01 0E 01 5E E2 18 06 BD E7 8B 00 00 00 00 00 D0 03 04 02 42 00 00 04 04 00 52 3C AF 05 06 03 91 17 3A 22 07 06 08 00 00 00 00 00 00 00 00 07 11 31 05 8E 41 0C 0E 30 31 0D 48 31 2F 8E 41 31 05 DC 08 04 02 C9 73 B4 0C 3B F8 
F8 01 01 08 62 10 60 21 14 81 29 9C 42 48 B5 01 0E 01 5E E2 18 06 BD E7 96 00 00 00 00 00 D0 03 04 02 42 00 00 04 04 00 52 3C AF 05 06 03 91 17 3A 22 07 06 08 00 00 00 00 00 00 00 00 07 11 31 05 8E 41 0C 0E 30 31 0D 48 31 2F 8E 41 31 05 E6 08 04 02 C9 77 4C 0B 82 F8 
F8 01 01 08 62 10 60 21 14 81 29 9C 42 48 BA 01 0E 01 5E E2 13 06 BD E7 BB 00 02 00 00 00 ED 03 04 02 42 00 00 04 04 00 52 3C AF 05 06 03 93 17 32 22 07 06 08 00 00 00 00 00 00 00 00 07 11 31 05 8E 41 0C 0E 30 31 0D 48 31 2F 8E 41 31 05 F0 08 04 02 C9 7A E4 25 CC F8 
F8 01 01 08 62 10 60 21 14 81 29 9C 42 48 BF 01 0E 01 5E E2 04 06 BD E8 02 00 02 00 00 00 98 03 04 02 42 00 00 04 04 00 52 3C AF 05 06 03 91 17 36 22 07 06 08 00 00 00 00 00 00 00 00 07 11 31 05 8E 41 0C 0E 40 31 0D 48 31 2F 8E 41 31 05 FA 08 04 02 C9 7E 7C 14 74 F8 
F8 01 01 08 62 10 60 21 14 81 29 9C 42 48 C4 01 0E 01 5E E2 00 06 BD E8 19 00 00 00 00 00 D0 03 04 02 42 00 00 04 04 00 52 3C AF 05 06 03 92 17 36 22 07 06 08 00 00 00 00 00 00 00 00 07 11 31 05 8E 41 0C 0E 40 31 0D 48 31 2F 8E 41 31 06 04 08 04 02 C9 82 14 A5 18 F8 
F8 01 01 08 62 10 60 21 14 81 29 9C 42 48 C9 01 0E 01 5E E1 F6 06 BD E8 2F 00 01 00 00 00 ED 03 04 02 42 00 00 04 04 00 52 3C AF 05 06 03 95 17 3F 22 07 06 08 00 00 00 00 00 00 00 00 07 11 31 05 8E 41 0C 0E 30 31 0D 48 31 2F 8E 41 31 06 0E 08 04 02 C9 85 AC 6B EC F8 
F8 01 01 08 62 10 60 21 14 81 29 9C 42 48 CE 01 0E 01 5E E1 F2 06 BD E8 61 00 01 00 00 00 ED 03 04 02 42 00 00 04 04 00 52 3C AF 05 06 03 93 17 3A 22 07 06 08 00 00 00 00 00 00 00 00 07 11 31 05 8E 41 0C 0E 30 31 0D 48 31 2F 8E 41 31 06 18 08 04 02 C9 89 44 E8 BF F8 
F8 01 01 08 62 10 60 21 14 81 29 9C 42 48 D3 01 0E 01 5E E1 F6 06 BD E8 94 00 03 00 00 00 ED 03 04 02 42 00 00 04 04 00 52 3C AF 05 06 03 96 17 3A 22 07 06 08 00 00 00 00 00 00 00 00 07 11 31 05 8E 41 0C 0E 30 31 0D 48 31 2F 8E 41 31 06 22 08 04 02 C9 8C DC F5 AA F8 
F8 01 01 08 62 10 60 21 14 81 29 9C 42 48 D8 01 0E 01 5E E1 B1 06 BD E8 49 00 01 00 00 00 99 03 04 02 42 00 00 04 04 00 52 3C AF 05 06 03 92 17 3F 22 07 06 08 00 00 00 00 00 00 00 00 07 11 31 05 8E 41 0C 0E 40 31 0D 48 31 2F 8E 41 31 06 2C 08 04 02 C9 90 74 EF 36 F8 
F8 01 01 08 62 10 60 21 14 81 29 9C 42 48 DD 01 0E 01 5E E1 89 06 BD E8 10 00 00 00 00 01 70 03 04 02 42 00 00 04 04 00 52 3C AF 05 06 03 93 17 3F 22 07 06 08 00 00 00 00 00 00 00 00 07 11 31 05 8E 41 0C 0E 30 31 0D 48 31 2F 8E 41 31 06 40 08 04 02 C9 94 0C E4 53 F8 
F8 01 01 08 62 10 60 21 14 81 29 1C 42 48 E2 01 0E 01 5E E1 9C 06 BD E8 0C 00 00 00 00 01 1B 03 04 02 42 00 00 04 04 00 52 3C AF 05 06 03 93 17 3F 22 07 06 08 00 00 00 00 00 00 00 00 07 11 31 05 8E 41 0C 0E 40 31 0D 48 31 2F 8E 41 31 06 4A 08 04 02 C9 97 A4 A0 1B F8 
F8 01 01 08 62 10 60 21 14 81 29 9C 42 48 E7 01 0E 01 5E E1 B5 06 BD E8 15 00 00 00 00 00 EE 03 04 02 42 00 00 04 04 00 52 3C AF 05 06 03 94 17 43 22 07 06 08 00 00 00 00 00 00 00 00 07 11 31 05 8E 41 0C 0E 40 31 0D 48 31 2F 8E 41 31 06 54 08 04 02 C9 9B 3C D6 99 F8 
F8 01 01 08 62 10 60 21 14 81 29 9C 42 48 EC 01 0E 01 5E E1 BE 06 BD E7 70 00 01 00 00 00 82 03 04 02 42 00 00 04 04 00 52 3C AF 05 06 03 93 17 43 22 07 06 08 00 00 00 00 00 00 00 00 07 11 31 05 8E 41 0C 0E 40 31 0D 48 31 2F 8E 41 31 06 5E 08 04 02 C9 9E D4 4B 98 F8 
F8 01 01 08 62 10 60 21 14 81 29 9C 42 48 F1 01 0E 01 5E E1 B7 06 BD E7 68 00 03 00 00 00 EE 03 04 02 42 00 00 04 04 00 52 3C AF 05 06 03 93 17 43 22 07 06 08 00 00 00 00 00 00 00 00 07 11 31 05 8E 41 0C 0E 40 31 0D 48 31 2F 8E 41 31 06 68 08 04 02 C9 A2 6C DF 98 F8 
F8 01 01 08 62 10 60 21 14 81 29 9C 42 48 F6 01 0E 01 5E E1 C9 06 BD E7 AE 00 01 00 00 00 D0 03 04 02 42 00 00 04 04 00 52 3C AF 05 06 03 96 17 43 22 07 06 08 00 00 00 00 00 00 00 00 07 11 31 05 8E 41 0C 0E 40 31 0D 48 31 2F 8E 41 31 06 72 08 04 02 C9 A6 04 FE 64 F8 
F8 01 01 08 62 10 60 21 14 81 29 9C 42 48 FB 01 0E 01 5E E1 B3 06 BD E7 6E 00 00 00 00 00 99 03 04 02 42 00 00 04 04 00 52 3C AF 05 06 03 93 17 43 22 07 06 08 00 00 00 00 00 00 00 00 07 11 31 05 8E 41 0C 0E 40 31 0D 48 31 2F 8E 41 31 06 7C 08 04 02 C9 A9 9C FF 3C F8 
F8 01 01 08 62 10 60 21 14 81 29 9C 42 49 00 01 0E 01 5E E1 9B 06 BD E7 41 00 00 00 00 00 82 03 04 02 42 00 00 04 04 00 52 3C AF 05 06 03 92 17 47 22 07 06 08 00 00 00 00 00 00 00 00 07 11 31 05 8E 41 0C 0E 30 31 0D 48 31 2F 8E 41 31 06 86 08 04 02 C9 AD 34 B0 52 F8 
F8 01 01 08 62 10 60 21 14 81 29 9C 42 49 05 01 0E 01 5E E1 7B 06 BD E7 3F 00 00 00 00 00 D0 03 04 02 42 00 00 04 04 00 52 3C AF 05 06 03 94 17 43 22 07 06 08 00 00 00 00 00 00 00 00 07 11 31 05 8E 41 0C 0E 40 31 0D 48 31 2F 8E 41 31 06 90 08 04 02 C9 B0 CC 3F 0F F8 
F8 01 01 08 62 10 60 21 14 81 29 9C 42 49 0A 01 0E 01 5E E1 8A 06 BD E7 64 00 01 00 00 00 D0 03 04 02 42 00 00 04 04 00 52 3C AF 05 06 03 94 17 3A 22 07 06 08 00 00 00 00 00 00 00 00 07 11 31 05 8E 41 0C 0E 30 31 0D 48 31 2F 8E 41 31 06 9A 08 04 02 C9 B4 64 87 98 F8 
F8 01 01 08 62 10 60 21 14 81 29 9C 42 49 0F 01 0E 01 5E E1 8C 06 BD E7 6C 00 01 00 00 00 D0 03 04 02 42 00 00 04 04 00 52 3C AF 05 06 03 91 17 3F 22 07 06 08 00 00 00 00 00 00 00 00 07 11 31 05 8E 41 0C 0E 40 31 0D 48 31 2F 8E 41 31 06 A4 08 04 02 C9 B7 FC 3E DB F8 
F8 01 01 08 62 10 60 21 14 81 29 9C 42 49 14 01 0E 01 5E E1 94 06 BD E7 77 00 01 00 00 00 82 03 04 02 42 00 00 04 04 00 52 3C AF 05 06 03 8E 17 3F 22 07 06 08 00 00 00 00 00 00 00 00 07 11 31 05 8E 41 0C 0E 40 31 0D 48 31 2F 8E 41 31 06 AE 08 04 02 C9 BB 94 77 47 F8 
F8 01 01 08 62 10 60 21 14 81 29 9C 42 49 19 01 0E 01 5E E1 C1 06 BD E7 9D 00 01 00 00 00 8A 03 04 02 42 00 00 04 04 00 52 3C AF 05 06 03 91 17 43 22 07 06 08 00 00 00 00 00 00 00 00 07 11 31 05 8E 41 0C 0E 40 31 0D 48 31 2F 8E 41 31 06 B8 08 04 02 C9 BF 2C CD FA F8 
F8 01 01 08 62 10 60 21 14 81 29 9C 42 49 1E 01 0E 01 5E E1 D9 06 BD E7 AC 00 01 00 00 00 8A 03 04 02 42 00 00 04 04 00 52 3C AF 05 06 03 93 17 43 22 07 06 08 00 00 00 00 00 00 00 00 07 11 31 05 8E 41 0C 0E 40 31 0D 48 31 2F 8E 41 31 06 C2 08 04 02 C9 C2 C4 69 45 F8 
F8 01 01 08 62 10 60 21 14 81 29 9C 42 49 23 01 0E 01 5E E1 E3 06 BD E7 A9 00 00 00 00 00 82 03 04 02 42 00 00 04 04 00 52 3C AF 05 06 03 92 17 43 22 07 06 08 00 00 00 00 00 00 00 00 07 11 31 05 8E 41 0C 0E 40 31 0D 48 31 2F 8E 41 31 06 CC 08 04 02 C9 C6 5C 88 FA F8 
F8 01 01 08 62 10 60 21 14 81 29 9C 42 49 28 01 0E 01 5E E1 D7 06 BD E7 99 00 00 00 00 00 82 03 04 02 42 00 00 04 04 00 52 3C AF 05 06 03 95 17 3F 22 07 06 08 00 00 00 00 00 00 00 00 07 11 31 05 8E 41 0C 0E 40 31 0D 48 31 2F 8E 41 31 06 D6 08 04 02 C9 C9 F4 D3 0D F8 
F8 01 01 08 62 10 60 21 14 81 29 9C 42 49 2D 01 0E 01 5E E1 D1 06 BD E7 81 00 00 00 00 00 D0 03 04 02 42 00 00 04 04 00 52 3C AF 05 06 03 95 17 47 22 07 06 08 00 00 00 00 00 00 00 00 07 11 31 05 8E 41 0C 0E 40 31 0D 48 31 2F 8E 41 31 06 E0 08 04 02 C9 CD 8C A9 14 F8 
F8 01 01 08 62 10 60 21 14 81 29 9C 42 49 32 01 0E 01 5E E1 DB 06 BD E7 9B 00 01 00 00 00 EE 03 04 02 42 00 00 04 04 00 52 3C AF 05 06 03 92 17 47 22 07 06 08 00 00 00 00 00 00 00 00 07 11 31 05 8E 41 0C 0E 40 31 0D 48 31 2F 8E 41 31 06 EA 08 04 02 C9 D1 24 8D 79 F8 
F8 01 01 08 62 10 60 21 14 81 29 9C 42 49 37 01 0E 01 5E E1 D9 06 BD E7 BE 00 01 00 00 00 EF 03 04 02 42 00 00 04 04 00 52 3C AF 05 06 03 93 17 47 22 07 06 08 00 00 00 00 00 00 00 00 07 11 31 05 8E 41 0C 0E 40 31 0D 48 31 2F 8E 41 31 06 F4 08 04 02 C9 D4 BC E5 F1 F8 
F8 01 01 08 62 10 60 21 14 81 29 9C 42 49 3C 01 0E 01 5E E1 E5 06 BD E7 F7 0F 00 01 00 00 00 D0 03 04 02 42 00 00 04 04 00 52 3C AF 05 06 03 91 17 47 22 07 06 08 00 00 00 00 00 00 00 00 07 11 31 05 8E 41 0C 0E 40 31 0D 48 31 2F 8E 41 31 06 FE 08 04 02 C9 D8 54 7E 62 F8 
F8 01 01 08 62 10 60 21 14 81 29 9C 42 49 41 01 0E 01 5E E1 EF 06 BD E8 18 00 00 00 00 00 D0 03 04 02 42 00 00 04 04 00 52 3C AF 05 06 03 93 17 47 22 07 06 08 00 00 00 00 00 00 00 00 07 11 31 05 8E 41 0C 0E 40 31 0D 48 31 2F 8E 41 31 07 08 08 04 02 C9 DB EC 99 3B F8 
F8 01 01 08 62 10 60 21 14 81 29 9C 42 49 46 01 0E 01 5E E1 F9 06 BD E8 1A 00 00 00 00 00 D0 03 04 02 42 00 00 04 04 00 52 3C AF 05 06 03 93 17 47 22 07 06 08 00 00 00 00 00 00 00 00 07 11 31 05 8E 41 0C 0E 40 31 0D 48 31 2F 8E 41 31 07 12 08 04 02 C9 DF 84 54 4B F8 
F8 01 01 08 62 10 60 21 14 81 29 9C 42 49 4B 01 0E 01 5E E2 02 06 BD E8 14 00 00 00 00 00 D0 03 04 02 42 00 00 04 04 00 52 3C AF 05 06 03 93 17 47 22 07 06 08 00 00 00 00 00 00 00 00 07 11 31 05 8E 41 0C 0E 40 31 0D 48 31 2F 8E 41 31 07 1C 08 04 02 C9 E3 1C 40 89 F8 
F8 01 01 08 62 10 60 21 14 81 29 9C 42 49 50 01 0E 01 5E E2 16 06 BD E8 2A 00 01 00 15 00 D0 03 04 02 42 00 00 04 04 00 52 3C AF 05 06 03 93 17 47 22 07 06 08 00 00 00 00 00 00 00 00 07 11 31 05 8E 41 0C 0E 40 31 0D 48 31 2F 8E 41 31 07 26 08 04 02 C9 E6 B4 F5 FF F8 
F8 01 01 08 62 10 60 21 14 81 29 9C 42 49 55 01 0E 01 5E E2 00 06 BD E8 07 00 00 00 00 00 8D 03 04 02 42 00 00 04 04 00 52 3C AF 05 06 03 95 17 47 22 07 06 08 00 00 00 00 00 00 00 00 07 11 31 05 8E 41 0C 0E 40 31 0D 48 31 2F 8E 41 31 07 30 08 04 02 C9 EA 4C 87 78 F8 
F8 01 01 08 62 10 60 21 14 81 29 9C 42 49 5A 01 0E 01 5E E1 E2 06 BD E7 D6 00 01 00 00 00 D0 03 04 02 42 00 00 04 04 00 52 3C AF 05 06 03 93 17 47 22 07 06 08 00 00 00 00 00 00 00 00 07 11 31 05 8E 41 0C 0E 40 31 0D 48 31 2F 8E 41 31 07 3A 08 04 02 C9 ED E4 7B C5 F8 
F8 01 01 08 62 10 60 21 14 81 29 9C 42 49 5F 01 0E 01 5E E1 F0 06 BD E7 DB 00 01 00 00 00 82 03 04 02 42 00 00 04 04 00 52 3C AF 05 06 03 95 17 4B 22 07 06 08 00 00 00 00 00 00 00 00 07 11 31 05 8E 41 0C 0E 40 31 0D 48 31 2F 8E 41 31 07 44 08 04 02 C9 F1 7C 56 66 F8 
F8 01 01 08 62 10 60 21 14 81 29 9C 42 49 64 01 0E 01 5E E2 21 06 BD E8 1A 00 03 00 00 00 D0 03 04 02 42 00 00 04 04 00 52 3C AF 05 06 03 94 17 47 22 07 06 08 00 00 00 00 00 00 00 00 07 11 31 05 8E 41 0C 0E 40 31 0D 48 31 2F 8E 41 31 07 4E 08 04 02 C9 F5 14 5E C9 F8 
F8 01 01 08 62 10 60 21 14 81 29 9C 42 49 69 01 0E 01 5E E2 3A 06 BD E8 3C 00 02 00 00 00 C0 03 04 02 42 00 00 04 04 00 52 3C AF 05 06 03 95 17 47 22 07 06 08 00 00 00 00 00 00 00 00 07 11 31 05 8E 41 0C 0E 40 31 0D 48 31 2F 8E 41 31 07 58 08 04 02 C9 F7 0F AC A7 4F F8 
F8 01 01 08 62 10 60 21 14 81 29 9C 42 49 6E 01 0E 01 5E E2 04 06 BD E7 E3 00 02 00 00 00 8D 03 04 02 42 00 00 04 04 00 52 3C AF 05 06 03 93 17 43 22 07 06 08 00 00 00 00 00 00 00 00 07 11 31 05 8E 41 0C 0E 30 31 0D 48 31 2F 8E 41 31 07 62 08 04 02 C9 FC 44 39 ED F8 
F8 01 01 08 62 10 60 21 14 81 29 9C 42 49 73 01 0E 01 5E E1 D9 06 BD E7 89 00 03 00 00 00 82 03 04 02 42 00 00 04 04 00 52 3C AF 05 06 03 95 17 43 22 07 06 08 00 00 00 00 00 00 00 00 07 11 31 05 8E 41 0C 0E 30 31 0D 48 31 2F 8E 41 31 07 6C 08 04 02 C9 FF DC FF 76 F8 
F8 01 01 08 62 10 60 21 14 81 29 9C 42 49 78 01 0E 01 5E E1 D9 06 BD E7 88 00 00 00 00 00 D0 03 04 02 42 00 00 04 04 00 52 3C AF 05 06 03 93 17 47 22 07 06 08 00 00 00 00 00 00 00 00 07 11 31 05 8E 41 0C 0E 30 31 0D 48 31 2F 8E 41 31 07 76 08 04 02 CA 03 74 9C CE F8 
F8 01 01 08 62 10 60 21 14 81 29 9C 42 49 7D 01 0E 01 5E E1 8E 06 BD E7 45 00 00 00 00 00 6A 03 04 02 42 00 00 04 04 00 52 3C AF 05 06 03 92 17 47 22 07 06 08 00 00 00 00 00 00 00 00 07 11 31 05 8E 41 0C 0E 30 31 0D 48 31 2F 8E 41 31 07 80 08 04 02 CA 07 0C F4 13 F8 
F8 01 01 08 62 10 60 21 14 81 29 9C 42 49 82 01 0E 01 5E E1 59 06 BD E7 1F 00 00 00 00 00 8D 03 04 02 42 00 00 04 04 00 52 3C AF 05 06 03 94 17 43 22 07 06 08 00 00 00 00 00 00 00 00 07 11 31 05 8E 41 0C 0E 30 31 0D 48 31 2F 8E 41 31 07 8A 08 04 02 CA 0A A4 5A 5B F8 
F8 01 01 08 62 10 60 21 14 81 29 9C 42 49 87 01 0E 01 5E E1 5F 06 BD E7 31 00 01 00 00 00 8D 03 04 02 42 00 00 04 04 00 52 3C AF 05 06 03 95 17 43 22 07 06 08 00 00 00 00 00 00 00 00 07 11 31 05 8E 41 0C 0E 30 31 0D 48 31 2F 8E 41 31 07 9E 08 04 02 CA 0E 3C 48 9E F8 
F8 01 01 08 62 10 60 21 14 81 29 9C 42 49 8C 01 0E 01 5E E1 5D 06 BD E7 21 00 01 00 00 00 8D 03 04 02 42 00 00 04 04 00 52 3C AF 05 06 03 95 17 3F 22 07 06 08 00 00 00 00 00 00 00 00 07 11 31 05 8E 41 0C 0E 30 31 0D 48 31 2F 8E 41 31 07 A8 08 04 02 CA 11 D4 77 CC F8 
F8 01 01 08 62 10 60 21 14 81 29 9C 42 49 91 01 0E 01 5E E1 43 06 BD E7 1C 00 00 00 00 00 C2 03 04 02 42 00 00 04 04 00 52 3C AF 05 06 03 92 17 43 22 07 06 08 00 00 00 00 00 00 00 00 07 11 31 05 8E 41 0C 0E 40 31 0D 48 31 2F 8E 41 31 07 B2 08 04 02 CA 15 6C E9 46 F8 
F8 01 01 08 62 10 60 21 14 81 29 9C 42 49 96 01 0E 01 5E E0 FE 06 BD E7 02 00 02 00 00 00 C2 03 04 02 42 00 00 04 04 00 52 3C AF 05 06 03 94 17 43 22 07 06 08 00 00 00 00 00 00 00 00 07 11 31 05 8E 41 0C 0E 40 31 0D 48 31 2F 8E 41 31 07 BC 08 04 02 CA 19 04 28 4C F8 
F8 01 01 08 62 10 60 21 14 81 29 9C 42 49 9B 01 0E 01 5E E1 01 06 BD E7 31 00 00 00 00 00 9A 03 04 02 42 00 00 04 04 00 52 3C AF 05 06 03 95 17 43 22 07 06 08 00 00 00 00 00 00 00 00 07 11 31 05 8E 41 0C 0E 40 31 0D 48 31 2F 8E 41 31 07 C6 08 04 02 CA 1C 9C 7C CB F8 
F8 01 01 08 62 10 60 21 14 81 29 9C 42 49 A0 01 0E 01 5E E1 05 06 BD E7 2C 00 00 00 00 00 82 03 04 02 42 00 00 04 04 00 52 3C AF 05 06 03 92 17 43 22 07 06 08 00 00 00 00 00 00 00 00 07 11 31 05 8E 41 0C 0E 40 31 0D 48 31 2F 8E 41 31 07 D0 08 04 02 CA 20 34 BB 2C F8 
F8 01 01 08 62 10 60 21 14 81 29 9C 42 49 A5 01 0E 01 5E E1 08 06 BD E7 2E 00 01 00 00 00 6A 03 04 02 42 00 00 04 04 00 52 3C AF 05 06 03 96 17 3F 22 07 06 08 00 00 00 00 00 00 00 00 07 11 31 05 8E 41 0C 0E 30 31 0D 48 31 2F 8E 41 31 07 DA 08 04 02 CA 23 CC C1 75 F8 
F8 01 01 08 62 10 60 21 14 81 29 9C 42 49 AA 01 0E 01 5E E1 01 06 BD E7 21 00 01 00 00 00 8E 03 04 02 42 00 00 04 04 00 52 3C AF 05 06 03 93 17 43 22 07 06 08 00 00 00 00 00 00 00 00 07 11 31 05 8E 41 0C 0E 40 31 0D 48 31 2F 8E 41 31 07 E4 08 04 02 CA 27 64 85 DB F8 
F8 01 01 08 62 10 60 21 14 81 29 9C 42 49 AF 01 0E 01 5E E0 FF 06 BD E7 19 00 01 00 00 00 8E 03 04 02 42 00 00 04 04 00 52 3C AF 05 06 03 95 17 43 22 07 06 08 00 00 00 00 00 00 00 00 07 11 31 05 8E 41 0C 0E 40 31 0D 48 31 2F 8E 41 31 07 EE 08 04 02 CA 2A FC 28 33 F8 
F8 01 01 08 62 10 60 21 14 81 29 9C 42 49 B4 01 0E 01 5E E0 E6 06 BD E6 F7 0F 00 01 00 00 00 9B 03 04 02 42 00 00 04 04 00 52 3C AF 05 06 03 92 17 43 22 07 06 08 00 00 00 00 00 00 00 00 07 11 31 05 8E 41 0C 0E 40 31 0D 48 31 2F 8E 41 31 07 F7 0F 08 04 02 CA 2E 94 39 CB F8 
F8 01 01 08 62 10 60 21 14 81 29 9C 42 49 B9 01 0E 01 5E E0 C0 06 BD E6 C6 00 02 00 00 00 81 03 04 02 42 00 00 04 04 00 52 3C AF 05 06 03 93 17 43 22 07 06 08 00 00 00 00 00 00 00 00 07 11 31 05 8E 41 0C 0E 40 31 0D 48 31 2F 8E 41 31 08 02 08 04 02 CA 32 2C 2A 6F F8 
F8 01 01 08 62 10 60 21 14 81 29 9C 42 49 BE 01 0E 01 5E E0 98 06 BD E6 91 00 01 00 00 00 81 03 04 02 42 00 00 04 04 00 52 3C AF 05 06 03 92 17 3F 22 07 06 08 00 00 00 00 00 00 00 00 07 11 31 05 8E 41 0C 0E 40 31 0D 48 31 2F 8E 41 31 08 0C 08 04 02 CA 35 C4 CE 1A F8 
F8 01 01 08 62 10 60 21 14 81 29 9C 42 49 C3 01 0E 01 5E E0 C5 06 BD E6 ED 00 03 00 30 00 9B 03 04 02 42 00 00 04 04 00 52 3C AF 05 06 03 94 17 3F 22 07 06 08 00 00 00 00 00 00 00 00 07 11 31 05 8E 41 0C 0E 40 31 0D 48 31 2F 8E 41 31 08 16 08 04 02 CA 39 5C C0 B8 F8 
F8 01 01 08 62 10 60 21 14 81 29 9C 42 49 C8 01 0E 01 5E E0 D8 06 BD E7 13 00 01 00 00 00 D1 03 04 02 42 00 00 04 04 00 52 3C AF 05 06 03 93 17 43 22 07 06 08 00 00 00 00 00 00 00 00 07 11 31 05 8E 41 0C 0E 30 31 0D 48 31 2F 8E 41 31 08 20 08 04 02 CA 3C F4 74 25 F8 
F8 01 01 08 62 10 60 21 14 81 29 9C 42 49 CD 01 0E 01 5E E0 DD 06 BD E6 C7 00 02 00 00 00 9B 03 04 02 42 00 00 04 04 00 52 3C AF 05 06 03 92 17 43 22 07 06 08 00 00 00 00 00 00 00 00 07 11 31 05 8E 41 0C 0E 40 31 0D 48 31 2F 8E 41 31 08 2A 08 04 02 CA 40 8C 78 5F F8 
F8 01 01 08 62 10 60 21 14 81 29 9C 42 49 D2 01 0E 01 5E E0 F3 06 BD E6 BF 00 01 00 00 00 82 03 04 02 42 00 00 04 04 00 52 3C AF 05 06 03 96 17 47 22 07 06 08 00 00 00 00 00 00 00 00 07 11 31 05 8E 41 0C 0E 40 31 0D 48 31 2F 8E 41 31 08 34 08 04 02 CA 44 24 F2 08 F8 
F8 01 01 08 62 10 60 21 14 81 29 9C 42 49 D7 01 0E 01 5E E1 0F 06 BD E6 DD 00 00 00 00 00 82 03 04 02 42 00 00 04 04 00 52 3C AF 05 06 03 95 17 47 22 07 06 08 00 00 00 00 00 00 00 00 07 11 31 05 8E 41 0C 0E 40 31 0D 48 31 2F 8E 41 31 08 3E 08 04 02 CA 47 BC EA 2A F8 
F8 01 01 08 62 10 60 21 14 81 29 9C 42 49 DC 01 0E 01 5E E1 35 06 BD E7 01 00 00 00 00 00 D1 03 04 02 42 00 00 04 04 00 52 3C AF 05 06 03 92 17 4B 22 07 06 08 00 00 00 00 00 00 00 00 07 11 31 05 8E 41 0C 0E 40 31 0D 48 31 2F 8E 41 31 08 48 08 04 02 CA 4B 54 A3 F7 00 F8 
F8 01 01 08 62 10 60 21 14 81 29 9C 42 49 E1 01 0E 01 5E E1 56 06 BD E7 1B 00 01 00 00 00 82 03 04 02 42 00 00 04 04 00 52 3C AF 05 06 03 92 17 47 22 07 06 08 00 00 00 00 00 00 00 00 07 11 31 05 8E 41 0C 0E 40 31 0D 48 31 2F 8E 41 31 08 52 08 04 02 CA 4E EC BC 56 F8 
F8 01 01 08 62 10 60 21 14 81 29 9C 42 49 E6 01 0E 01 5E E1 1F 06 BD E6 FF 00 02 00 00 00 8F 03 04 02 42 00 00 04 04 00 52 3C AF 05 06 03 93 17 47 22 07 06 08 00 00 00 00 00 00 00 00 07 11 31 05 8E 41 0C 0E 50 31 0D 48 31 2F 8E 41 31 08 5C 08 04 02 CA 52 84 FB 4F F8 
F8 01 01 08 62 10 60 21 14 81 29 9C 42 49 EB 01 0E 01 5E E1 28 06 BD E6 EF 00 05 01 1F 00 D1 03 04 02 42 00 00 04 04 00 52 3C AF 05 06 03 94 17 47 22 07 06 08 00 00 00 00 00 00 00 00 07 11 31 05 8E 41 0C 0E 50 31 0D 48 31 2F 8E 41 31 08 66 08 04 02 CA 56 1C D1 A0 F8 
F8 01 01 08 62 10 60 21 14 81 29 9C 42 49 F0 01 0E 01 5E E1 67 06 BD E7 0E 00 01 00 00 00 DA 03 04 02 42 00 00 04 04 00 52 3C AF 05 06 03 94 17 4B 22 07 06 08 00 00 00 00 00 00 00 00 07 11 31 05 8E 41 0C 0E 40 31 0D 48 31 2F 8E 41 31 08 70 08 04 02 CA 59 B4 F7 00 C5 F8 
F8 01 01 08 62 10 60 21 14 81 29 9C 42 49 F5 01 0E 01 5E E2 05 06 BD E7 7C 00 02 00 00 01 88 03 04 02 42 00 00 04 04 00 52 3C AF 05 06 03 94 17 47 22 07 06 08 00 00 00 00 00 00 00 00 07 11 31 05 8E 41 0C 0E 40 31 0D 48 31 2F 8E 41 31 08 7A 08 04 02 CA 5D 4C 16 C4 F8 
F8 01 01 08 62 10 60 21 14 81 29 9C 42 49 FA 01 0E 01 5E E2 75 06 BD E8 09 00 02 00 00 00 8F 03 04 02 42 00 00 04 04 00 52 3C AF 05 06 03 92 17 3F 22 07 06 08 00 00 00 00 00 00 00 00 07 11 31 05 8E 41 0C 0E 40 31 0D 48 31 2F 8E 41 31 08 84 08 04 02 CA 60 E4 38 72 F8 
F8 01 01 08 62 10 60 21 14 81 29 9C 42 49 FF 01 0E 01 5E E2 FF 06 BD E8 BD 00 05 01 60 00 8F 03 04 02 42 00 00 04 04 00 52 3C AF 05 06 03 93 17 43 22 07 06 08 00 00 00 00 00 00 00 00 07 11 31 05 8E 41 0C 0E 50 31 0D 48 31 2F 8E 41 31 08 8E 08 04 02 CA 64 7C 69 26 F8 
F8 01 01 08 62 10 60 21 14 81 29 9C 42 4A 04 01 0E 01 5E E3 59 06 BD E9 00 00 03 00 28 00 8F 03 04 02 42 00 00 04 04 00 52 3C AF 05 06 03 92 17 43 22 07 06 08 00 00 00 00 00 00 00 00 07 11 31 05 8E 41 0C 0E 50 31 0D 48 31 2F 8E 41 31 08 98 08 04 02 CA 68 14 FB 4F F8 
F8 01 01 08 62 10 60 21 14 81 29 9C 42 4A 09 01 0E 01 5E E3 22 06 BD E8 69 00 01 00 00 00 6A 03 04 02 42 00 00 04 04 00 52 3C AF 05 06 03 93 17 43 22 07 06 08 00 00 00 00 00 00 00 00 07 11 31 05 8E 41 0C 0E 40 31 0D 48 31 2F 8E 41 31 08 A2 08 04 02 CA 6B AC 66 36 F8